1 0 9667
2 9667 2034
3 11701 1868
4 13569 2660
5 16229 3202
6 19431 9553
7 28984 3477
8 32461 8393
9 40854 2152
10 43006 1742
11 44748 1081
12 45829 1494
13 47323 1071
14 48394 1384
15 49778 5376
16 55154 5008
17 60162 2167
18 62329 1754
19 64083 4032
20 68115 2335
21 70450 2272
22 72722 1331
23 74053 4295
24 78348 1279
25 79627 1247
26 80874 1424
27 82298 1701
28 83999 5199
29 89198 2538
30 91736 1388
31 93124 3197
32 96321 10946
33 107267 9591
34 116858 3800
35 120658 1581
36 122239 2128
37 124367 1879
38 126246 7377
39 133623 3401
40 137024 1934
41 138958 12902
42 151860 5266
43 157126 4691
44 161817 1390
45 163207 2488
46 165695 2167
47 167862 3620
48 171482 11059
49 182541 1183
50 183724 685
51 184409 4773
52 189182 1308
53 190490 915
54 191405 3129
55 194534 1908
56 196442 2891
57 199333 984
58 200317 1334
59 201651 1369
60 203020 541
61 203561 3985
62 207546 4634
63 212180 4971
64 217151 3258
65 220409 2224
66 222633 873
67 223506 799
68 224305 1258
69 225563 5698
70 231261 1604
71 232865 781
72 233646 1698
73 235344 12992
74 248336 567
75 248903 1855
76 250758 2485
77 253243 2336
78 255579 2701
79 258280 1663
80 259943 635
81 260578 2174
82 262752 2210
83 264962 2214
84 267176 2337
85 269513 2149
86 271662 495
87 272157 2442
88 274599 1247
89 275846 3115
90 278961 1573
91 280534 720
92 281254 1058
93 282312 8087
94 290399 11551
95 301950 2049
96 303999 3609
97 307608 5171
98 312779 5336
99 318115 5164
100 323279 6343
101 329622 1036
102 330658 7201
103 337859 2946
104 340805 9538
105 350343 4222
106 354565 6427
107 360992 2888
108 363880 1597
109 365477 2924
110 368401 3404
111 371805 1775
112 373580 5557
113 379137 9075
114 388212 190
115 388402 2296
116 390698 8423
117 399121 6801
118 405922 6463
119 412385 3692
120 416077 3385
121 419462 2891
122 422353 473
123 422826 2171
124 424997 3929
125 428926 3618
126 432544 2913
127 435457 3582
128 439039 2699
129 441738 6564
130 448302 9425
131 457727 8442
132 466169 10529
133 476698 9696
134 486394 10278
135 496672 7960
136 504632 5476
137 510108 6246
138 516354 7495
139 523849 3553
140 527402 3992
141 531394 2373
142 533767 1560
143 535327 1665
144 536992 3154
145 540146 3516
146 543662 7602
147 551264 6344
148 557608 5939
149 563547 3575
150 567122 4596
151 571718 3486
152 575204 11606
153 586810 5154
154 591964 6643
155 598607 4808
156 603415 4169
157 607584 3445
158 611029 4907
159 615936 4560
160 620496 7988
161 628484 2248
162 630732 5540
163 636272 6534
164 642806 4792
165 647598 2170
166 649768 2146
167 651914 1496
168 653410 3316
169 656726 4598
170 661324 4137
171 665461 6238
172 671699 8580
173 680279 1856
174 682135 5783
175 687918 7277
176 695195 1288
177 696483 3423
178 699906 4110
179 704016 1629
180 705645 7297
181 712942 2757
182 715699 10142
183 725841 4295
184 730136 5807
185 735943 817
186 736760 3759
187 740519 1978
188 742497 221
189 742718 221
190 742939 242
191 743181 233
192 743414 206
193 743620 247
194 743867 246
195 744113 246
196 744359 245
197 744604 248
198 744852 239
199 745091 221
200 745312 204
201 745516 209
202 745725 228
203 745953 225
204 746178 212
205 746390 221
206 746611 242
207 746853 242
208 747095 234
209 747329 228
210 747557 221
211 747778 245
212 748023 249
213 748272 252
214 748524 247
215 748771 242
216 749013 235
217 749248 212
218 749460 239
219 749699 200
220 749899 1662
221 751561 2693
222 754254 4161
223 758415 1749
224 760164 2466
225 762630 5791
226 768421 4950
227 773371 1284
228 774655 4076
229 778731 617
230 779348 2921
231 782269 3516
232 785785 4658
233 790443 2718
234 793161 9417
235 802578 2034
236 804612 2005
237 806617 3745
238 810362 8377
239 818739 1895
240 820634 4571
241 825205 1212
242 826417 5300
243 831717 4027
244 835744 2035
245 837779 1350
246 839129 1597
247 840726 5309
248 846035 545
249 846580 685
250 847265 584
251 847849 1354
252 849203 3537
253 852740 3752
254 856492 525
255 857017 2098
256 859115 1351
257 860466 3409
258 863875 6263
259 870138 3281
260 873419 5337
261 878756 3023
262 881779 3824
263 885603 3303
264 888906 3052
265 891958 2114
266 894072 1948
267 896020 3211
268 899231 3790
269 903021 224
270 903245 1955
271 905200 2185
272 907385 3822
273 911207 3813
274 915020 3635
275 918655 11165
276 929820 10088
277 939908 2064
278 941972 3837
279 945809 3461
280 949270 4231
281 953501 1530
282 955031 1471
283 956502 2366
284 958868 3115
285 961983 1932
286 963915 2401
287 966316 1983
288 968299 3148
289 971447 2465
290 973912 7801
291 981713 2678
292 984391 2029
293 986420 6232
294 992652 4260
295 996912 4380
296 1001292 3849
297 1005141 6902
298 1012043 3619
299 1015662 3299
300 1018961 4639
301 1023600 4458
302 1028058 3434
303 1031492 4136
304 1035628 1154
305 1036782 4586
306 1041368 4389
307 1045757 4101
308 1049858 5579
309 1055437 7813
310 1063250 2361
311 1065611 2142
312 1067753 2965
313 1070718 2959
314 1073677 4629
315 1078306 5444
316 1083750 3183
317 1086933 4103
318 1091036 5475
319 1096511 4697
320 1101208 2505
321 1103713 2743
322 1106456 2983
323 1109439 8277
324 1117716 1243
325 1118959 785
326 1119744 218
327 1119962 4163
328 1124125 3359
329 1127484 1559
330 1129043 3083
331 1132126 3978
332 1136104 5260
333 1141364 8599
334 1149963 4812
335 1154775 3935
336 1158710 536
337 1159246 4701
338 1163947 4409
339 1168356 5840
340 1174196 7232
341 1181428 6484
342 1187912 2588
343 1190500 3375
344 1193875 982
345 1194857 22926
346 1217783 18596
347 1236379 2598
348 1238977 8492
349 1247469 1661
350 1249130 2409
351 1251539 7151
352 1258690 3354
353 1262044 11029
354 1273073 2890
355 1275963 3526
356 1279489 3237
357 1282726 4851
358 1287577 7280
359 1294857 6918
360 1301775 6207
361 1307982 1089
362 1309071 2800
363 1311871 3461
364 1315332 1061
365 1316393 2452
366 1318845 1568
367 1320413 6359
368 1326772 13640
369 1340412 2112
370 1342524 12968
371 1355492 6485
372 1361977 2893
373 1364870 5047
374 1369917 1978
375 1371895 9060
376 1380955 6579
377 1387534 2495
378 1390029 6461
379 1396490 2707
380 1399197 739
381 1399936 5964
382 1405900 3340
383 1409240 8957
384 1418197 4029
385 1422226 2055
386 1424281 3436
387 1427717 7602
388 1435319 2646
389 1437965 2743
390 1440708 9674
391 1450382 19351
392 1469733 3122
393 1472855 2759
394 1475614 5382
395 1480996 2267
396 1483263 4273
397 1487536 6602
398 1494138 976
399 1495114 4895
400 1500009 8294
401 1508303 5361
402 1513664 6692
403 1520356 936
404 1521292 3801
405 1525093 2965
406 1528058 3600
407 1531658 2556
408 1534214 3716
409 1537930 4702
410 1542632 9646
411 1552278 9653
412 1561931 11545
413 1573476 2169
414 1575645 4812
415 1580457 3034
416 1583491 1664
417 1585155 5802
418 1590957 2047
419 1593004 1939
420 1594943 8408
421 1603351 8811
422 1612162 2774
423 1614936 4509
424 1619445 3164
425 1622609 1960
426 1624569 10665
427 1635234 6298
428 1641532 4899
429 1646431 5322
430 1651753 1336
431 1653089 1872
432 1654961 3621
433 1658582 212
434 1658794 3720
435 1662514 2549
436 1665063 7704
437 1672767 7021
438 1679788 6504
439 1686292 8818
440 1695110 3169
441 1698279 2829
442 1701108 1862
443 1702970 7079
444 1710049 3430
445 1713479 2669
446 1716148 1181
447 1717329 11655
448 1728984 10859
449 1739843 9920
450 1749763 6955
451 1756718 8955
452 1765673 2311
453 1767984 538
454 1768522 2793
455 1771315 641
456 1771956 6391
457 1778347 4318
458 1782665 2340
459 1785005 9211
460 1794216 6539
461 1800755 1580
462 1802335 7432
463 1809767 2751
464 1812518 7702
465 1820220 4493
466 1824713 2958
467 1827671 6328
468 1833999 9272
469 1843271 2992
470 1846263 4404
471 1850667 3916
472 1854583 1734
473 1856317 6536
474 1862853 5493
475 1868346 5252
476 1873598 8048
477 1881646 1856
478 1883502 2838
479 1886340 430
480 1886770 440
481 1887210 456
482 1887666 500
483 1888166 470
484 1888636 478
485 1889114 502
486 1889616 538
487 1890154 486
488 1890640 516
489 1891156 492
490 1891648 484
491 1892132 500
492 1892632 468
493 1893100 536
494 1893636 6724
495 1900360 8230
496 1908590 3726
497 1912316 5031
498 1917347 3511
499 1920858 1899
500 1922757 1002
501 1923759 1421
502 1925180 1180
503 1926360 2109
504 1928469 1309
505 1929778 1818
506 1931596 2192
507 1933788 1814
508 1935602 7677
509 1943279 18365
510 1961644 3889
511 1965533 4421
512 1969954 3356
513 1973310 3559
514 1976869 10523
515 1987392 4075
516 1991467 1229
517 1992696 904
518 1993600 1516
519 1995116 977
520 1996093 1985
521 1998078 4474
522 2002552 1642
523 2004194 6254
524 2010448 7710
525 2018158 2005
526 2020163 4015
527 2024178 2685
528 2026863 4783
529 2031646 8860
530 2040506 4989
531 2045495 7987
532 2053482 4797
533 2058279 10051
534 2068330 2224
535 2070554 1629
536 2072183 2113
537 2074296 1888
538 2076184 2449
539 2078633 2907
540 2081540 2595
541 2084135 13314
542 2097449 2502
543 2099951 2273
544 2102224 2527
545 2104751 3099
546 2107850 1600
547 2109450 10173
548 2119623 9665
549 2129288 4733
550 2134021 7013
551 2141034 3673
552 2144707 3440
553 2148147 2860
554 2151007 5891
555 2156898 3097
556 2159995 5872
557 2165867 4786
558 2170653 13748
559 2184401 3844
560 2188245 2983
561 2191228 1637
562 2192865 8122
563 2200987 5705
564 2206692 12516
565 2219208 3829
566 2223037 2218
567 2225255 5481
568 2230736 5863
569 2236599 7941
570 2244540 10156
571 2254696 3616
572 2258312 3402
573 2261714 2198
574 2263912 398
575 2264310 3797
576 2268107 2044
577 2270151 1497
578 2271648 7392
579 2279040 1034
580 2280074 958
581 2281032 1691
582 2282723 3292
583 2286015 1839
584 2287854 4075
585 2291929 2184
586 2294113 4041
587 2298154 1411
588 2299565 4934
589 2304499 2616
590 2307115 1767
591 2308882 1990
592 2310872 1499
593 2312371 3244
594 2315615 3747
595 2319362 4260
596 2323622 3617
597 2327239 14617
598 2341856 3064
599 2344920 4832
600 2349752 4115
601 2353867 2633
602 2356500 2736
603 2359236 3582
604 2362818 3480
605 2366298 19807
606 2386105 4010
607 2390115 1264
608 2391379 4184
609 2395563 3686
610 2399249 5359
611 2404608 4331
612 2408939 3805
613 2412744 4383
614 2417127 3080
615 2420207 1700
616 2421907 4315
617 2426222 3747
618 2429969 3189
619 2433158 4170
620 2437328 3554
621 2440882 3654
622 2444536 3816
623 2448352 4015
624 2452367 3482
625 2455849 4321
626 2460170 10522
627 2470692 3774
628 2474466 4730
629 2479196 3514
630 2482710 4032
631 2486742 4787
632 2491529 4196
633 2495725 3962
634 2499687 3489
635 2503176 2856
636 2506032 3101
637 2509133 3143
638 2512276 4072
639 2516348 3278
640 2519626 19367
641 2538993 4365
642 2543358 3418
643 2546776 1564
644 2548340 3464
645 2551804 3526
646 2555330 19552
647 2574882 1521
648 2576403 3424
649 2579827 4859
650 2584686 4157
651 2588843 3353
652 2592196 1237
653 2593433 3464
654 2596897 5456
655 2602353 3786
656 2606139 5076
657 2611215 3182
658 2614397 3300
659 2617697 3649
660 2621346 3741
661 2625087 3491
662 2628578 2747
663 2631325 3249
664 2634574 3657
665 2638231 3206
666 2641437 3561
667 2644998 18950
668 2663948 4527
669 2668475 3792
670 2672267 3632
671 2675899 1605
672 2677504 4340
673 2681844 1249
674 2683093 943
675 2684036 2971
676 2687007 4082
677 2691089 3560
678 2694649 3539
679 2698188 1120
680 2699308 19825
681 2719133 3838
682 2722971 4833
683 2727804 3340
684 2731144 4826
685 2735970 3326
686 2739296 3286
687 2742582 3658
688 2746240 5008
689 2751248 6553
690 2757801 4730
691 2762531 3616
692 2766147 3063
693 2769210 4114
694 2773324 8658
695 2781982 4049
696 2786031 7545
697 2793576 38581
698 2832157 5453
699 2837610 17885
700 2855495 5304
701 2860799 2782
702 2863581 10554
703 2874135 3796
704 2877931 5421
705 2883352 5259
706 2888611 6498
707 2895109 4692
708 2899801 4163
709 2903964 8966
710 2912930 8418
711 2921348 5496
712 2926844 4285
713 2931129 7457
714 2938586 7918
715 2946504 5661
716 2952165 5371
717 2957536 4478
718 2962014 4973
719 2966987 4331
720 2971318 4383
721 2975701 5359
722 2981060 1270
723 2982330 4022
724 2986352 19885
725 3006237 3722
726 3009959 6346
727 3016305 2827
728 3019132 3494
729 3022626 3481
730 3026107 4290
731 3030397 11929
732 3042326 4257
733 3046583 8232
734 3054815 7876
735 3062691 8016
736 3070707 7323
737 3078030 1642
738 3079672 5265
739 3084937 16462
740 3101399 4621
741 3106020 9462
742 3115482 5322
743 3120804 4210
744 3125014 4799
745 3129813 4044
746 3133857 10522
747 3144379 5568
748 3149947 4126
749 3154073 3176
750 3157249 3759
751 3161008 3934
752 3164942 3326
753 3168268 3431
754 3171699 18444
755 3190143 4821
756 3194964 5377
757 3200341 3412
758 3203753 11488
759 3215241 7890
760 3223131 19552
761 3242683 5468
762 3248151 1243
763 3249394 2140
764 3251534 2884
765 3254418 3679
766 3258097 19367
767 3277464 19790
768 3297254 4311
769 3301565 12578
770 3314143 25800
771 3339943 7108
772 3347051 5961
773 3353012 6365
774 3359377 23604
775 3382981 1580
776 3384561 2823
777 3387384 3697
778 3391081 2016
779 3393097 3232
780 3396329 2877
781 3399206 7593
782 3406799 426
783 3407225 528
784 3407753 11276
785 3419029 4507
786 3423536 3692
787 3427228 9042
788 3436270 3423
789 3439693 2067
790 3441760 2017
791 3443777 7147
792 3450924 6480
793 3457404 3706
794 3461110 2262
795 3463372 14985
796 3478357 6430
797 3484787 1344
798 3486131 1991
799 3488122 2953
800 3491075 2600
801 3493675 1604
802 3495279 1406
803 3496685 402
804 3497087 4003
805 3501090 3940
806 3505030 3078
807 3508108 7623
808 3515731 5453
809 3521184 5342
810 3526526 944
811 3527470 1874
812 3529344 5512
813 3534856 8116
814 3542972 931
815 3543903 862
816 3544765 1658
817 3546423 2254
818 3548677 7302
819 3555979 1656
820 3557635 4784
821 3562419 2472
822 3564891 3653
823 3568544 2708
824 3571252 6984
825 3578236 2319
826 3580555 3038
827 3583593 4620
828 3588213 2538
829 3590751 2900
830 3593651 1290
831 3594941 4753
832 3599694 1650
833 3601344 1618
834 3602962 4625
835 3607587 2701
836 3610288 1893
837 3612181 9106
838 3621287 3567
839 3624854 3385
840 3628239 2972
841 3631211 7898
842 3639109 1750
843 3640859 2217
844 3643076 979
845 3644055 2404
846 3646459 1695
847 3648154 1797
848 3649951 15095
849 3665046 7403
850 3672449 1691
851 3674140 1427
852 3675567 2008
853 3677575 2130
854 3679705 1800
855 3681505 1702
856 3683207 2093
857 3685300 1173
858 3686473 5120
859 3691593 9805
860 3701398 755
861 3702153 740
862 3702893 2934
863 3705827 1884
864 3707711 3196
865 3710907 2969
866 3713876 3021
867 3716897 2451
868 3719348 2482
869 3721830 2551
870 3724381 867
871 3725248 1609
872 3726857 5843
873 3732700 2591
874 3735291 1301
875 3736592 2058
876 3738650 1593
877 3740243 2911
878 3743154 5816
879 3748970 1208
880 3750178 2835
881 3753013 1857
882 3754870 1250
883 3756120 1134
884 3757254 1791
885 3759045 6005
886 3765050 1815
887 3766865 3453
888 3770318 1608
889 3771926 626
890 3772552 2717
891 3775269 912
892 3776181 5774
893 3781955 5224
894 3787179 1626
895 3788805 777
896 3789582 806
897 3790388 5813
898 3796201 3752
899 3799953 3728
900 3803681 3686
901 3807367 3781
902 3811148 3835
903 3814983 4067
904 3819050 3884
905 3822934 3809
906 3826743 3833
907 3830576 3770
908 3834346 3809
909 3838155 3827
910 3841982 3823
911 3845805 3870
912 3849675 3709
913 3853384 642
914 3854026 5833
915 3859859 698
916 3860557 2818
917 3863375 2881
918 3866256 1106
919 3867362 1289
920 3868651 7594
921 3876245 1498
922 3877743 2310
923 3880053 2110
924 3882163 1471
925 3883634 997
926 3884631 1716
927 3886347 2636
928 3888983 1923
929 3890906 17054
930 3907960 1560
931 3909520 4861
932 3914381 2122
933 3916503 2833
934 3919336 6293
935 3925629 547
936 3926176 4047
937 3930223 2055
938 3932278 1226
939 3933504 4672
940 3938176 867
941 3939043 2131
942 3941174 1909
943 3943083 4196
944 3947279 4709
945 3951988 9251
946 3961239 4144
947 3965383 2720
948 3968103 858
949 3968961 823
950 3969784 922
951 3970706 2691
952 3973397 2759
953 3976156 1931
954 3978087 2450
955 3980537 7176
956 3987713 1568
957 3989281 1159
958 3990440 1159
959 3991599 1151
960 3992750 1159
961 3993909 1159
962 3995068 1159
963 3996227 1159
964 3997386 1159
965 3998545 1159
966 3999704 802
967 4000506 1134
968 4001640 8094
969 4009734 5560
970 4015294 1334
971 4016628 2018
972 4018646 4769
973 4023415 6799
974 4030214 8200
975 4038414 3930
976 4042344 5504
977 4047848 1258
978 4049106 8870
979 4057976 6030
980 4064006 2074
981 4066080 4469
982 4070549 1956
983 4072505 9318
984 4081823 2414
985 4084237 1282
986 4085519 2935
987 4088454 2169
988 4090623 3026
989 4093649 952
990 4094601 3782
991 4098383 2608
992 4100991 1526
993 4102517 3421
994 4105938 1668
995 4107606 6386
996 4113992 2480
997 4116472 2167
998 4118639 5086
999 4123725 8582
1000 4132307 5205
1001 4137512 1103
1002 4138615 1315
1003 4139930 1478
1004 4141408 2481
1005 4143889 2377
1006 4146266 1835
1007 4148101 3518
1008 4151619 2435
1009 4154054 3942
1010 4157996 452
1011 4158448 9619
1012 4168067 2099
1013 4170166 2671
1014 4172837 8013
1015 4180850 5963
1016 4186813 4575
1017 4191388 2499
1018 4193887 8527
1019 4202414 659
1020 4203073 3261
1021 4206334 1150
1022 4207484 1936
1023 4209420 493
1024 4209913 2588
1025 4212501 1933
1026 4214434 2048
1027 4216482 3836
1028 4220318 8149
1029 4228467 4203
1030 4232670 2399
1031 4235069 1589
1032 4236658 3024
1033 4239682 1791
1034 4241473 8322
1035 4249795 1711
1036 4251506 3351
1037 4254857 3702
1038 4258559 6368
1039 4264927 1499
1040 4266426 2696
1041 4269122 2105
1042 4271227 3120
1043 4274347 1614
1044 4275961 8526
1045 4284487 3515
1046 4288002 3402
1047 4291404 1377
1048 4292781 7927
1049 4300708 8211
1050 4308919 8648
1051 4317567 5697
1052 4323264 7430
1053 4330694 7093
1054 4337787 5502
1055 4343289 1806
1056 4345095 6435
1057 4351530 9047
1058 4360577 3875
1059 4364452 4604
1060 4369056 2738
1061 4371794 2408
1062 4374202 3872
1063 4378074 4820
1064 4382894 4273
1065 4387167 3258
1066 4390425 7063
1067 4397488 8586
1068 4406074 8499
1069 4414573 2807
1070 4417380 656
1071 4418036 4200
1072 4422236 8146
1073 4430382 8347
1074 4438729 5418
1075 4444147 2423
1076 4446570 7608
1077 4454178 6652
1078 4460830 3472
1079 4464302 2909
1080 4467211 1069
1081 4468280 3063
1082 4471343 10610
1083 4481953 7573
1084 4489526 7626
1085 4497152 1050
1086 4498202 2978
1087 4501180 1803
1088 4502983 8037
1089 4511020 6951
1090 4517971 4071
1091 4522042 1041
1092 4523083 9589
1093 4532672 9640
1094 4542312 2715
1095 4545027 3803
1096 4548830 5700
1097 4554530 14792
1098 4569322 3054
1099 4572376 4465
1100 4576841 7901
1101 4584742 6508
1102 4591250 2516
1103 4593766 3875
1104 4597641 3810
1105 4601451 3395
1106 4604846 5087
1107 4609933 2249
1108 4612182 1115
1109 4613297 1372
1110 4614669 4004
1111 4618673 999
1112 4619672 3495
1113 4623167 3309
1114 4626476 3684
1115 4630160 3285
1116 4633445 2473
1117 4635918 995
1118 4636913 1270
1119 4638183 8075
1120 4646258 7021
1121 4653279 4492
1122 4657771 7306
1123 4665077 1004
1124 4666081 3338
1125 4669419 9079
1126 4678498 2156
1127 4680654 6304
1128 4686958 6295
1129 4693253 1151
1130 4694404 839
1131 4695243 6809
1132 4702052 3590
1133 4705642 2689
1134 4708331 1032
1135 4709363 2012
1136 4711375 3132
1137 4714507 6335
1138 4720842 999
1139 4721841 6656
1140 4728497 953
1141 4729450 804
1142 4730254 6328
1143 4736582 2860
1144 4739442 5094
1145 4744536 9085
1146 4753621 7370
1147 4760991 1847
1148 4762838 5506
1149 4768344 3616
1150 4771960 1525
1151 4773485 657
1152 4774142 3300
1153 4777442 9186
1154 4786628 2895
1155 4789523 2233
1156 4791756 5730
1157 4797486 1316
1158 4798802 4428
1159 4803230 708
1160 4803938 2569
1161 4806507 1554
1162 4808061 1151
1163 4809212 2533
1164 4811745 4377
1165 4816122 2942
1166 4819064 5447
1167 4824511 5881
1168 4830392 4480
1169 4834872 2777
1170 4837649 2083
1171 4839732 1085
1172 4840817 823
1173 4841640 2654
1174 4844294 5798
1175 4850092 963
1176 4851055 1823
1177 4852878 7488
1178 4860366 1222
1179 4861588 2242
1180 4863830 2447
1181 4866277 1409
1182 4867686 598
1183 4868284 5019
1184 4873303 11639
1185 4884942 1233
1186 4886175 2358
1187 4888533 1045
1188 4889578 1280
1189 4890858 2198
1190 4893056 2836
1191 4895892 5202
1192 4901094 2456
1193 4903550 3038
1194 4906588 20095
1195 4926683 1628
1196 4928311 2262
1197 4930573 1779
1198 4932352 1476
1199 4933828 4618
1200 4938446 2428
1201 4940874 1461
1202 4942335 1394
1203 4943729 3896
1204 4947625 1119
1205 4948744 1146
1206 4949890 1352
1207 4951242 2401
1208 4953643 1975
1209 4955618 2376
1210 4957994 3481
1211 4961475 215
1212 4961690 986
1213 4962676 7335
1214 4970011 5225
1215 4975236 6585
1216 4981821 4449
1217 4986270 2765
1218 4989035 30938
1219 5019973 3977
1220 5023950 5302
1221 5029252 2860
1222 5032112 1980
1223 5034092 4758
1224 5038850 1241
1225 5040091 2577
1226 5042668 5145
1227 5047813 7838
1228 5055651 5332
1229 5060983 11021
1230 5072004 1846
1231 5073850 7281
1232 5081131 3702
1233 5084833 7940
1234 5092773 492
1235 5093265 5227
1236 5098492 2508
1237 5101000 3095
1238 5104095 3893
1239 5107988 763
1240 5108751 885
1241 5109636 5686
1242 5115322 1498
1243 5116820 2152
1244 5118972 2632
1245 5121604 3680
1246 5125284 3284
1247 5128568 2100
1248 5130668 4840
1249 5135508 10156
1250 5145664 601
1251 5146265 3178
1252 5149443 3467
1253 5152910 5328
1254 5158238 3777
1255 5162015 6262
1256 5168277 9870
1257 5178147 2089
1258 5180236 1645
1259 5181881 3137
1260 5185018 5594
1261 5190612 3682
1262 5194294 1996
1263 5196290 4408
1264 5200698 1378
1265 5202076 9467
1266 5211543 4590
1267 5216133 2595
1268 5218728 3589
1269 5222317 1817
1270 5224134 1519
1271 5225653 4730
1272 5230383 2905
1273 5233288 7789
1274 5241077 5320
1275 5246397 3055
1276 5249452 7138
1277 5256590 1208
1278 5257798 2815
1279 5260613 1962
1280 5262575 538
1281 5263113 531
1282 5263644 2087
1283 5265731 6639
1284 5272370 5894
1285 5278264 3086
1286 5281350 8953
1287 5290303 3628
1288 5293931 3905
1289 5297836 8968
1290 5306804 4052
1291 5310856 3405
1292 5314261 3650
1293 5317911 1479
1294 5319390 1034
1295 5320424 1788
1296 5322212 5608
1297 5327820 2107
1298 5329927 1808
1299 5331735 15866
1300 5347601 5945
1301 5353546 2266
1302 5355812 2630
1303 5358442 5415
1304 5363857 3934
1305 5367791 13783
1306 5381574 3838
1307 5385412 3651
1308 5389063 6606
1309 5395669 2973
1310 5398642 577
1311 5399219 4702
1312 5403921 4568
1313 5408489 2722
1314 5411211 4755
1315 5415966 2170
1316 5418136 752
1317 5418888 1965
1318 5420853 1571
1319 5422424 2570
1320 5424994 2017
1321 5427011 952
1322 5427963 1936
1323 5429899 1448
1324 5431347 3821
1325 5435168 5728
1326 5440896 2250
1327 5443146 2912
1328 5446058 1514
1329 5447572 5760
1330 5453332 2668
1331 5456000 1275
1332 5457275 1344
1333 5458619 7965
1334 5466584 1722
1335 5468306 2840
1336 5471146 1252
1337 5472398 1440
1338 5473838 5134
1339 5478972 3051
1340 5482023 1306
1341 5483329 2798
1342 5486127 1453
1343 5487580 2785
1344 5490365 917
1345 5491282 3010
1346 5494292 1232
1347 5495524 8789
1348 5504313 1634
1349 5505947 2244
1350 5508191 6263
1351 5514454 2088
1352 5516542 1576
1353 5518118 3157
1354 5521275 4069
1355 5525344 2693
1356 5528037 2892
1357 5530929 1046
1358 5531975 1428
1359 5533403 5515
1360 5538918 1656
1361 5540574 3628
1362 5544202 2090
1363 5546292 5818
1364 5552110 6790
1365 5558900 1230
1366 5560130 1529
1367 5561659 366
1368 5562025 1751
1369 5563776 2955
1370 5566731 1229
1371 5567960 1969
1372 5569929 931
1373 5570860 1877
1374 5572737 2976
1375 5575713 2670
1376 5578383 1777
1377 5580160 969
1378 5581129 8968
1379 5590097 5619
1380 5595716 5677
1381 5601393 5494
1382 5606887 6751
1383 5613638 2082
1384 5615720 19465
1385 5635185 7689
1386 5642874 1828
1387 5644702 1246
1388 5645948 3044
1389 5648992 1866
1390 5650858 2701
1391 5653559 4183
1392 5657742 1421
1393 5659163 6580
1394 5665743 2424
1395 5668167 1837
1396 5670004 3355
1397 5673359 1897
1398 5675256 13767
1399 5689023 550
1400 5689573 3039
1401 5692612 2376
1402 5694988 2840
1403 5697828 18382
1404 5716210 2826
1405 5719036 2715
1406 5721751 1259
1407 5723010 1115
1408 5724125 870
1409 5724995 990
1410 5725985 1005
1411 5726990 2369
1412 5729359 1753
1413 5731112 1162
1414 5732274 912
1415 5733186 1143
1416 5734329 1367
1417 5735696 1008
1418 5736704 1959
1419 5738663 2635
1420 5741298 1285
1421 5742583 2752
1422 5745335 2828
1423 5748163 3009
1424 5751172 1072
1425 5752244 3637
1426 5755881 2555
1427 5758436 4306
1428 5762742 3342
1429 5766084 5893
1430 5771977 3311
1431 5775288 932
1432 5776220 2339
1433 5778559 4639
1434 5783198 806
1435 5784004 5817
1436 5789821 1246
1437 5791067 6027
1438 5797094 886
1439 5797980 1630
1440 5799610 885
1441 5800495 3286
1442 5803781 6429
1443 5810210 838
1444 5811048 3432
1445 5814480 4049
1446 5818529 1259
1447 5819788 1093
1448 5820881 1814
1449 5822695 1547
1450 5824242 2509
1451 5826751 2508
1452 5829259 1760
1453 5831019 1391
1454 5832410 2922
1455 5835332 2449
1456 5837781 1580
1457 5839361 1873
1458 5841234 1093
1459 5842327 963
1460 5843290 3376
1461 5846666 1970
1462 5848636 1941
1463 5850577 2236
1464 5852813 1966
1465 5854779 3136
1466 5857915 1806
1467 5859721 3209
1468 5862930 3813
1469 5866743 529
1470 5867272 1117
1471 5868389 822
1472 5869211 2580
1473 5871791 1069
1474 5872860 2292
1475 5875152 1874
1476 5877026 1436
1477 5878462 736
1478 5879198 1689
1479 5880887 2550
1480 5883437 1578
1481 5885015 2298
1482 5887313 2401
1483 5889714 2261
1484 5891975 1079
1485 5893054 2532
1486 5895586 1438
1487 5897024 4198
1488 5901222 2121
1489 5903343 1802
1490 5905145 2261
1491 5907406 4225
1492 5911631 549
1493 5912180 842
1494 5913022 2576
1495 5915598 4251
1496 5919849 3570
1497 5923419 916
1498 5924335 4092
1499 5928427 3526
1500 5931953 1233
1501 5933186 2407
1502 5935593 2666
1503 5938259 3150
1504 5941409 5183
1505 5946592 5574
1506 5952166 4708
1507 5956874 5545
1508 5962419 1887
1509 5964306 3891
1510 5968197 6089
1511 5974286 2472
1512 5976758 4444
1513 5981202 981
1514 5982183 798
1515 5982981 4182
1516 5987163 2968
1517 5990131 1262
1518 5991393 1955
1519 5993348 2328
1520 5995676 2746
1521 5998422 2314
1522 6000736 1301
1523 6002037 4709
1524 6006746 4590
1525 6011336 3587
1526 6014923 3140
1527 6018063 4114
1528 6022177 4513
1529 6026690 2783
1530 6029473 3831
1531 6033304 2318
1532 6035622 1749
1533 6037371 2307
1534 6039678 20508
1535 6060186 3320
1536 6063506 4092
1537 6067598 1927
1538 6069525 8742
1539 6078267 2686
1540 6080953 5325
1541 6086278 5357
1542 6091635 3697
1543 6095332 4178
1544 6099510 5940
1545 6105450 3037
1546 6108487 5470
1547 6113957 1746
1548 6115703 2629
1549 6118332 5040
1550 6123372 4797
1551 6128169 3320
1552 6131489 5428
1553 6136917 5499
1554 6142416 4286
1555 6146702 2546
1556 6149248 4420
1557 6153668 7408
1558 6161076 193
1559 6161269 4739
1560 6166008 178
1561 6166186 910
1562 6167096 801
1563 6167897 2242
1564 6170139 1787
1565 6171926 945
1566 6172871 1847
1567 6174718 12145
1568 6186863 4443
1569 6191306 1889
1570 6193195 6896
1571 6200091 9989
1572 6210080 1124
1573 6211204 9953
1574 6221157 3388
1575 6224545 1410
1576 6225955 3524
1577 6229479 5374
1578 6234853 4674
1579 6239527 5549
1580 6245076 3464
1581 6248540 1743
1582 6250283 789
1583 6251072 2587
1584 6253659 3948
1585 6257607 3536
1586 6261143 5177
1587 6266320 1322
1588 6267642 9381
1589 6277023 3296
1590 6280319 602
1591 6280921 1555
1592 6282476 3327
1593 6285803 1889
1594 6287692 3284
1595 6290976 5120
1596 6296096 5839
1597 6301935 2309
1598 6304244 4224
1599 6308468 4925
1600 6313393 2152
1601 6315545 1014
1602 6316559 5451
1603 6322010 1983
1604 6323993 1513
1605 6325506 1868
1606 6327374 1182
1607 6328556 1189
1608 6329745 6970
1609 6336715 3768
1610 6340483 1034
1611 6341517 2484
1612 6344001 2243
1613 6346244 3234
1614 6349478 2599
1615 6352077 30054
1616 6382131 1108
1617 6383239 1758
1618 6384997 5121
1619 6390118 1262
1620 6391380 1662
1621 6393042 1743
1622 6394785 2422
1623 6397207 1690
1624 6398897 1594
1625 6400491 2651
1626 6403142 3234
1627 6406376 4676
1628 6411052 1796
1629 6412848 967
1630 6413815 1506
1631 6415321 2066
1632 6417387 1540
1633 6418927 1812
1634 6420739 1300
1635 6422039 1919
1636 6423958 1635
1637 6425593 872
1638 6426465 2730
1639 6429195 1887
1640 6431082 6167
1641 6437249 2741
1642 6439990 1416
1643 6441406 1218
1644 6442624 2700
1645 6445324 1469
1646 6446793 2329
1647 6449122 1480
1648 6450602 1352
1649 6451954 2204
1650 6454158 1533
1651 6455691 1728
1652 6457419 5232
1653 6462651 5622
1654 6468273 1688
1655 6469961 1310
1656 6471271 2983
1657 6474254 1615
1658 6475869 2803
1659 6478672 1307
1660 6479979 874
1661 6480853 4009
1662 6484862 3250
1663 6488112 2999
1664 6491111 3371
1665 6494482 2726
1666 6497208 1421
1667 6498629 1384
1668 6500013 898
1669 6500911 2179
1670 6503090 1641
1671 6504731 1104
1672 6505835 3338
1673 6509173 3215
1674 6512388 3792
1675 6516180 1768
1676 6517948 4886
1677 6522834 3878
1678 6526712 1781
1679 6528493 1799
1680 6530292 983
1681 6531275 1284
1682 6532559 999
1683 6533558 1176
1684 6534734 5100
1685 6539834 2295
1686 6542129 1869
1687 6543998 1143
1688 6545141 1306
1689 6546447 1252
1690 6547699 4197
1691 6551896 1520
1692 6553416 2703
1693 6556119 2155
1694 6558274 1113
1695 6559387 1848
1696 6561235 5013
1697 6566248 2352
1698 6568600 799
1699 6569399 1113
1700 6570512 2956
1701 6573468 4428
1702 6577896 9696
1703 6587592 2208
1704 6589800 3183
1705 6592983 2118
1706 6595101 2299
1707 6597400 27060
1708 6624460 1912
1709 6626372 1792
1710 6628164 5392
1711 6633556 5482
1712 6639038 2519
1713 6641557 3430
1714 6644987 4794
1715 6649781 3745
1716 6653526 3398
1717 6656924 15506
1718 6672430 4162
1719 6676592 3615
1720 6680207 10175
1721 6690382 1700
1722 6692082 5886
1723 6697968 10978
1724 6708946 3874
1725 6712820 2217
1726 6715037 1328
1727 6716365 686
1728 6717051 1552
1729 6718603 4671
1730 6723274 1973
1731 6725247 8813
1732 6734060 6293
1733 6740353 5213
1734 6745566 6496
1735 6752062 2990
1736 6755052 2960
1737 6758012 1718
1738 6759730 2138
1739 6761868 2613
1740 6764481 1720
1741 6766201 10939
1742 6777140 7636
1743 6784776 3402
1744 6788178 1921
1745 6790099 8207
1746 6798306 3229
1747 6801535 599
1748 6802134 3678
1749 6805812 5145
1750 6810957 943
1751 6811900 4390
1752 6816290 3574
1753 6819864 2927
1754 6822791 5110
1755 6827901 7376
1756 6835277 1146
1757 6836423 3961
1758 6840384 1369
1759 6841753 7369
1760 6849122 3315
1761 6852437 4404
1762 6856841 4898
1763 6861739 2367
1764 6864106 6101
1765 6870207 2301
1766 6872508 1730
1767 6874238 15334
1768 6889572 9319
1769 6898891 5415
1770 6904306 1393
1771 6905699 5718
1772 6911417 1415
1773 6912832 6586
1774 6919418 4655
1775 6924073 4631
1776 6928704 9790
1777 6938494 1753
1778 6940247 3499
1779 6943746 15728
1780 6959474 9619
1781 6969093 3931
1782 6973024 7918
1783 6980942 13801
1784 6994743 3819
1785 6998562 14113
1786 7012675 5421
1787 7018096 216
1788 7018312 178
1789 7018490 206
1790 7018696 178
1791 7018874 623
1792 7019497 657
1793 7020154 630
1794 7020784 675
1795 7021459 657
1796 7022116 633
1797 7022749 191
1798 7022940 603
1799 7023543 626
1800 7024169 689
1801 7024858 232
1802 7025090 178
1803 7025268 660
1804 7025928 172
1805 7026100 670
1806 7026770 640
1807 7027410 635
1808 7028045 638
1809 7028683 638
1810 7029321 638
1811 7029959 635
1812 7030594 629
1813 7031223 640
1814 7031863 644
1815 7032507 193
1816 7032700 656
1817 7033356 639
1818 7033995 626
1819 7034621 181
1820 7034802 632
1821 7035434 221
1822 7035655 685
1823 7036340 222
1824 7036562 628
1825 7037190 371
1826 7037561 673
1827 7038234 658
1828 7038892 574
1829 7039466 641
1830 7040107 684
1831 7040791 637
1832 7041428 669
1833 7042097 654
1834 7042751 642
1835 7043393 662
1836 7044055 655
1837 7044710 665
1838 7045375 659
1839 7046034 218
1840 7046252 638
1841 7046890 636
1842 7047526 623
1843 7048149 657
1844 7048806 630
1845 7049436 678
1846 7050114 631
1847 7050745 222
1848 7050967 556
1849 7051523 626
1850 7052149 212
1851 7052361 656
1852 7053017 641
1853 7053658 626
1854 7054284 227
1855 7054511 627
1856 7055138 180
1857 7055318 674
1858 7055992 626
1859 7056618 180
1860 7056798 198
1861 7056996 191
1862 7057187 218
1863 7057405 632
1864 7058037 660
1865 7058697 630
1866 7059327 673
1867 7060000 669
1868 7060669 636
1869 7061305 223
1870 7061528 556
1871 7062084 626
1872 7062710 209
1873 7062919 295
1874 7063214 312
1875 7063526 192
1876 7063718 656
1877 7064374 639
1878 7065013 218
1879 7065231 289
1880 7065520 311
1881 7065831 667
1882 7066498 180
1883 7066678 269
1884 7066947 626
1885 7067573 200
1886 7067773 634
1887 7068407 243
1888 7068650 661
1889 7069311 683
1890 7069994 635
1891 7070629 641
1892 7071270 636
1893 7071906 640
1894 7072546 189
1895 7072735 556
1896 7073291 220
1897 7073511 202
1898 7073713 659
1899 7074372 638
1900 7075010 660
1901 7075670 212
1902 7075882 656
1903 7076538 194
1904 7076732 634
1905 7077366 198
1906 7077564 631
1907 7078195 660
1908 7078855 647
1909 7079502 680
1910 7080182 660
1911 7080842 670
1912 7081512 647
1913 7082159 674
1914 7082833 662
1915 7083495 660
1916 7084155 662
1917 7084817 656
1918 7085473 636
1919 7086109 206
1920 7086315 633
1921 7086948 622
1922 7087570 626
1923 7088196 629
1924 7088825 637
1925 7089462 645
1926 7090107 637
1927 7090744 660
1928 7091404 193
1929 7091597 602
1930 7092199 658
1931 7092857 200
1932 7093057 643
1933 7093700 625
1934 7094325 639
1935 7094964 660
1936 7095624 637
1937 7096261 639
1938 7096900 222
1939 7097122 636
1940 7097758 667
1941 7098425 178
1942 7098603 645
1943 7099248 660
1944 7099908 668
1945 7100576 668
1946 7101244 179
1947 7101423 217
1948 7101640 191
1949 7101831 197
1950 7102028 191
1951 7102219 619
1952 7102838 630
1953 7103468 637
1954 7104105 645
1955 7104750 638
1956 7105388 641
1957 7106029 192
1958 7106221 602
1959 7106823 179
1960 7107002 629
1961 7107631 194
1962 7107825 640
1963 7108465 626
1964 7109091 660
1965 7109751 633
1966 7110384 643
1967 7111027 217
1968 7111244 172
1969 7111416 620
1970 7112036 630
1971 7112666 638
1972 7113304 647
1973 7113951 639
1974 7114590 636
1975 7115226 192
1976 7115418 658
1977 7116076 215
1978 7116291 642
1979 7116933 624
1980 7117557 284
1981 7117841 179
1982 7118020 643
1983 7118663 708
1984 7119371 172
1985 7119543 645
1986 7120188 659
1987 7120847 194
1988 7121041 212
1989 7121253 194
1990 7121447 206
1991 7121653 194
1992 7121847 188
1993 7122035 194
1994 7122229 206
1995 7122435 200
1996 7122635 621
1997 7123256 191
1998 7123447 221
1999 7123668 637
2000 7124305 623
2001 7124928 631
2002 7125559 645
2003 7126204 638
2004 7126842 634
2005 7127476 641
2006 7128117 626
2007 7128743 659
2008 7129402 659
2009 7130061 221
2010 7130282 631
2011 7130913 631
2012 7131544 199
2013 7131743 193
2014 7131936 173
2015 7132109 647
2016 7132756 659
2017 7133415 200
2018 7133615 172
2019 7133787 216
2020 7134003 621
2021 7134624 634
2022 7135258 638
2023 7135896 647
2024 7136543 638
2025 7137181 635
2026 7137816 185
2027 7138001 601
2028 7138602 205
2029 7138807 641
2030 7139448 622
2031 7140070 231
2032 7140301 630
2033 7140931 212
2034 7141143 639
2035 7141782 647
2036 7142429 659
2037 7143088 629
2038 7143717 198
2039 7143915 184
2040 7144099 216
2041 7144315 632
2042 7144947 649
2043 7145596 636
2044 7146232 659
2045 7146891 191
2046 7147082 601
2047 7147683 693
2048 7148376 231
2049 7148607 211
2050 7148818 626
2051 7149444 193
2052 7149637 659
2053 7150296 682
2054 7150978 219
2055 7151197 674
2056 7151871 631
2057 7152502 193
2058 7152695 213
2059 7152908 658
2060 7153566 675
2061 7154241 650
2062 7154891 667
2063 7155558 666
2064 7156224 669
2065 7156893 663
2066 7157556 665
2067 7158221 641
2068 7158862 637
2069 7159499 634
2070 7160133 623
2071 7160756 632
2072 7161388 633
2073 7162021 648
2074 7162669 638
2075 7163307 179
2076 7163486 196
2077 7163682 627
2078 7164309 194
2079 7164503 199
2080 7164702 641
2081 7165343 625
2082 7165968 662
2083 7166630 221
2084 7166851 628
2085 7167479 647
2086 7168126 659
2087 7168785 166
2088 7168951 230
2089 7169181 166
2090 7169347 619
2091 7169966 631
2092 7170597 638
2093 7171235 651
2094 7171886 640
2095 7172526 642
2096 7173168 191
2097 7173359 603
2098 7173962 659
2099 7174621 197
2100 7174818 205
2101 7175023 624
2102 7175647 659
2103 7176306 258
2104 7176564 181
2105 7176745 184
2106 7176929 209
2107 7177138 627
2108 7177765 179
2109 7177944 646
2110 7178590 226
2111 7178816 233
2112 7179049 617
2113 7179666 602
2114 7180268 166
2115 7180434 193
2116 7180627 173
2117 7180800 203
2118 7181003 641
2119 7181644 640
2120 7182284 639
2121 7182923 621
2122 7183544 633
2123 7184177 638
2124 7184815 638
2125 7185453 667
2126 7186120 660
2127 7186780 193
2128 7186973 641
2129 7187614 660
2130 7188274 250
2131 7188524 614
2132 7189138 639
2133 7189777 677
2134 7190454 633
2135 7191087 179
2136 7191266 648
2137 7191914 188
2138 7192102 660
2139 7192762 190
2140 7192952 664
2141 7193616 693
2142 7194309 673
2143 7194982 650
2144 7195632 652
2145 7196284 664
2146 7196948 692
2147 7197640 628
2148 7198268 218
2149 7198486 634
2150 7199120 620
2151 7199740 632
2152 7200372 648
2153 7201020 636
2154 7201656 692
2155 7202348 603
2156 7202951 193
2157 7203144 623
2158 7203767 242
2159 7204009 241
2160 7204250 636
2161 7204886 198
2162 7205084 644
2163 7205728 660
2164 7206388 656
2165 7207044 218
2166 7207262 230
2167 7207492 224
2168 7207716 619
2169 7208335 633
2170 7208968 633
2171 7209601 645
2172 7210246 654
2173 7210900 198
2174 7211098 660
2175 7211758 650
2176 7212408 640
2177 7213048 622
2178 7213670 208
2179 7213878 191
2180 7214069 269
2181 7214338 213
2182 7214551 660
2183 7215211 603
2184 7215814 662
2185 7216476 187
2186 7216663 622
2187 7217285 201
2188 7217486 238
2189 7217724 192
2190 7217916 660
2191 7218576 196
2192 7218772 190
2193 7218962 235
2194 7219197 697
2195 7219894 642
2196 7220536 658
2197 7221194 672
2198 7221866 658
2199 7222524 641
2200 7223165 660
2201 7223825 664
2202 7224489 649
2203 7225138 659
2204 7225797 7413
2205 7233210 1306
2206 7234516 1084
2207 7235600 9086
2208 7244686 9260
2209 7253946 16015
2210 7269961 8762
2211 7278723 7389
2212 7286112 19513
2213 7305625 5491
2214 7311116 499
2215 7311615 839
2216 7312454 7349
2217 7319803 1544
2218 7321347 2110
2219 7323457 8030
2220 7331487 8573
2221 7340060 4698
2222 7344758 2696
2223 7347454 4090
2224 7351544 5087
2225 7356631 7159
2226 7363790 2841
2227 7366631 686
2228 7367317 1059
2229 7368376 6685
2230 7375061 1355
2231 7376416 11458
2232 7387874 6355
2233 7394229 25813
2234 7420042 3757
2235 7423799 8413
2236 7432212 9780
2237 7441992 6380
2238 7448372 9606
2239 7457978 12854
2240 7470832 10967
2241 7481799 6281
2242 7488080 1764
2243 7489844 4774
2244 7494618 10725
2245 7505343 6857
2246 7512200 6118
2247 7518318 6596
2248 7524914 5814
2249 7530728 4107
2250 7534835 3916
2251 7538751 3512
2252 7542263 3851
2253 7546114 12285
2254 7558399 12852
2255 7571251 4238
2256 7575489 5581
2257 7581070 4302
2258 7585372 726
2259 7586098 1211
2260 7587309 4393
2261 7591702 13047
2262 7604749 6716
2263 7611465 7756
2264 7619221 10707
2265 7629928 7014
2266 7636942 8957
2267 7645899 8173
2268 7654072 8305
2269 7662377 5766
2270 7668143 2556
2271 7670699 13753
2272 7684452 4696
2273 7689148 538
2274 7689686 1542
2275 7691228 3097
2276 7694325 6372
2277 7700697 3600
2278 7704297 6877
2279 7711174 10199
2280 7721373 2195
2281 7723568 3692
2282 7727260 2353
2283 7729613 3725
2284 7733338 3791
2285 7737129 1639
2286 7738768 10156
2287 7748924 2161
2288 7751085 5004
2289 7756089 2437
2290 7758526 1531
2291 7760057 7975
2292 7768032 6812
2293 7774844 9635
2294 7784479 6430
2295 7790909 2895
2296 7793804 5700
2297 7799504 10468
2298 7809972 6183
2299 7816155 4657
2300 7820812 3449
2301 7824261 8924
2302 7833185 1825
2303 7835010 5760
2304 7840770 4067
2305 7844837 2630
2306 7847467 386
2307 7847853 7422
2308 7855275 4468
2309 7859743 2448
2310 7862191 3106
2311 7865297 2811
2312 7868108 1195
2313 7869303 3133
2314 7872436 7640
2315 7880076 7673
2316 7887749 1208
2317 7888957 6055
2318 7895012 1711
2319 7896723 2348
2320 7899071 1742
2321 7900813 3376
2322 7904189 1190
2323 7905379 689
2324 7906068 5229
2325 7911297 205
2326 7911502 1675
2327 7913177 2853
2328 7916030 1270
2329 7917300 1637
2330 7918937 1681
2331 7920618 884
2332 7921502 3846
2333 7925348 3133
2334 7928481 7864
2335 7936345 2566
2336 7938911 3180
2337 7942091 2718
2338 7944809 2370
2339 7947179 1048
2340 7948227 3691
2341 7951918 1483
2342 7953401 1482
2343 7954883 975
2344 7955858 1644
2345 7957502 933
2346 7958435 2446
2347 7960881 9665
2348 7970546 5681
2349 7976227 2565
2350 7978792 8595
2351 7987387 7418
2352 7994805 2432
2353 7997237 1476
2354 7998713 1656
2355 8000369 2689
2356 8003058 2268
2357 8005326 3079
2358 8008405 2085
2359 8010490 3003
2360 8013493 6377
2361 8019870 6909
2362 8026779 6788
2363 8033567 8141
2364 8041708 7802
2365 8049510 1815
2366 8051325 2999
2367 8054324 3041
2368 8057365 3452
2369 8060817 1543
2370 8062360 4787
2371 8067147 1534
2372 8068681 2480
2373 8071161 2079
2374 8073240 1474
2375 8074714 2827
2376 8077541 7833
2377 8085374 3348
2378 8088722 3641
2379 8092363 8890
2380 8101253 3749
2381 8105002 2840
2382 8107842 2217
2383 8110059 3583
2384 8113642 3510
2385 8117152 1615
2386 8118767 1809
2387 8120576 6375
2388 8126951 3214
2389 8130165 2250
2390 8132415 1875
2391 8134290 3437
2392 8137727 5519
2393 8143246 2020
2394 8145266 2729
2395 8147995 3772
2396 8151767 1761
2397 8153528 1561
2398 8155089 1633
2399 8156722 3663
2400 8160385 2748
2401 8163133 2394
2402 8165527 2602
2403 8168129 2385
2404 8170514 23266
2405 8193780 3227
2406 8197007 3629
2407 8200636 6331
2408 8206967 3308
2409 8210275 5248
2410 8215523 2600
2411 8218123 2461
2412 8220584 2372
2413 8222956 5092
2414 8228048 4236
2415 8232284 3027
2416 8235311 3786
2417 8239097 2648
2418 8241745 5429
2419 8247174 3798
2420 8250972 1108
2421 8252080 5323
2422 8257403 1451
2423 8258854 2053
2424 8260907 7452
2425 8268359 3338
2426 8271697 2546
2427 8274243 226
2428 8274469 953
2429 8275422 15583
2430 8291005 6438
2431 8297443 742
2432 8298185 2775
2433 8300960 2057
2434 8303017 2790
2435 8305807 1783
2436 8307590 9044
2437 8316634 3577
2438 8320211 3559
2439 8323770 2108
2440 8325878 3367
2441 8329245 435
2442 8329680 2552
2443 8332232 13935
2444 8346167 1812
2445 8347979 2765
2446 8350744 2974
2447 8353718 693
2448 8354411 20155
2449 8374566 3851
2450 8378417 28641
2451 8407058 7406
2452 8414464 30317
2453 8444781 955
2454 8445736 621
2455 8446357 2329
2456 8448686 1619
2457 8450305 4970
2458 8455275 3320
2459 8458595 4053
2460 8462648 2505
2461 8465153 4596
2462 8469749 1149
2463 8470898 2008
2464 8472906 674
2465 8473580 426
2466 8474006 9924
2467 8483930 2305
2468 8486235 858
2469 8487093 30457
2470 8517550 3547
2471 8521097 936
2472 8522033 2590
2473 8524623 3128
2474 8527751 335
2475 8528086 7219
2476 8535305 19036
2477 8554341 5707
2478 8560048 1307
2479 8561355 2184
2480 8563539 2352
2481 8565891 2613
2482 8568504 2555
2483 8571059 1249
2484 8572308 9004
2485 8581312 3652
2486 8584964 2150
2487 8587114 2363
2488 8589477 22100
2489 8611577 857
2490 8612434 400
2491 8612834 1156
2492 8613990 3849
2493 8617839 1140
2494 8618979 3255
2495 8622234 1582
2496 8623816 1351
2497 8625167 2021
2498 8627188 2162
2499 8629350 1288
2500 8630638 1318
2501 8631956 3900
2502 8635856 557
2503 8636413 6475
2504 8642888 2579
2505 8645467 3677
2506 8649144 825
2507 8649969 1276
2508 8651245 2422
2509 8653667 694
2510 8654361 793
2511 8655154 5022
2512 8660176 4232
2513 8664408 3233
2514 8667641 12865
2515 8680506 4582
2516 8685088 2379
2517 8687467 667
2518 8688134 1384
2519 8689518 10090
2520 8699608 21769
2521 8721377 879
2522 8722256 3521
2523 8725777 3842
2524 8729619 1430
2525 8731049 1075
2526 8732124 5767
2527 8737891 1220
2528 8739111 918
2529 8740029 10828
2530 8750857 1363
2531 8752220 17733
2532 8769953 9481
2533 8779434 2851
2534 8782285 3978
2535 8786263 1363
2536 8787626 4606
2537 8792232 5963
2538 8798195 1067
2539 8799262 885
2540 8800147 2309
2541 8802456 8173
2542 8810629 3262
2543 8813891 1849
2544 8815740 537
2545 8816277 1555
2546 8817832 2283
2547 8820115 3815
2548 8823930 5941
2549 8829871 1337
2550 8831208 3175
2551 8834383 1321
2552 8835704 1111
2553 8836815 5543
2554 8842358 937
2555 8843295 4371
2556 8847666 350
2557 8848016 8882
2558 8856898 3597
2559 8860495 1345
2560 8861840 6402
2561 8868242 4079
2562 8872321 1257
2563 8873578 2950
2564 8876528 2663
2565 8879191 1786
2566 8880977 4117
2567 8885094 12823
2568 8897917 1481
2569 8899398 4036
2570 8903434 3586
2571 8907020 1371
2572 8908391 1094
2573 8909485 3965
2574 8913450 6879
2575 8920329 12945
2576 8933274 1590
2577 8934864 1524
2578 8936388 1459
2579 8937847 2437
2580 8940284 2164
2581 8942448 1753
2582 8944201 1770
2583 8945971 1161
2584 8947132 1642
2585 8948774 811
2586 8949585 7027
2587 8956612 8134
2588 8964746 1483
2589 8966229 1089
2590 8967318 4673
2591 8971991 2428
2592 8974419 1171
2593 8975590 6440
2594 8982030 1776
2595 8983806 7557
2596 8991363 2171
2597 8993534 6394
2598 8999928 3997
2599 9003925 1397
2600 9005322 8337
2601 9013659 6898
2602 9020557 9533
2603 9030090 3646
2604 9033736 2229
2605 9035965 3395
2606 9039360 4732
2607 9044092 1685
2608 9045777 1313
2609 9047090 5535
2610 9052625 1258
2611 9053883 1974
2612 9055857 2682
2613 9058539 2438
2614 9060977 1234
2615 9062211 1157
2616 9063368 6838
2617 9070206 3187
2618 9073393 2614
2619 9076007 5262
2620 9081269 1935
2621 9083204 2590
2622 9085794 4795
2623 9090589 4748
2624 9095337 4507
2625 9099844 3108
2626 9102952 7715
2627 9110667 5833
2628 9116500 3549
2629 9120049 3364
2630 9123413 3515
2631 9126928 2195
2632 9129123 2060
2633 9131183 9209
2634 9140392 5430
2635 9145822 7546
2636 9153368 5462
2637 9158830 4880
2638 9163710 8288
2639 9171998 11973
2640 9183971 6353
2641 9190324 1454
2642 9191778 1879
2643 9193657 997
2644 9194654 5321
2645 9199975 2974
2646 9202949 692
2647 9203641 4212
2648 9207853 837
2649 9208690 3170
2650 9211860 755
2651 9212615 942
2652 9213557 4250
2653 9217807 3692
2654 9221499 1297
2655 9222796 1829
2656 9224625 1170
2657 9225795 1658
2658 9227453 900
2659 9228353 2520
2660 9230873 4406
2661 9235279 4704
2662 9239983 1132
2663 9241115 2264
2664 9243379 978
2665 9244357 1994
2666 9246351 915
2667 9247266 1215
2668 9248481 1505
2669 9249986 576
2670 9250562 3987
2671 9254549 1470
2672 9256019 4833
2673 9260852 2504
2674 9263356 2088
2675 9265444 2510
2676 9267954 2261
2677 9270215 3506
2678 9273721 1694
2679 9275415 1144
2680 9276559 2628
2681 9279187 2047
2682 9281234 1917
2683 9283151 4312
2684 9287463 14618
2685 9302081 2144
2686 9304225 6607
2687 9310832 13750
2688 9324582 9081
2689 9333663 3725
2690 9337388 4626
2691 9342014 3659
2692 9345673 5691
2693 9351364 1710
2694 9353074 9115
2695 9362189 4006
2696 9366195 1911
2697 9368106 9783
2698 9377889 6506
2699 9384395 2472
2700 9386867 4548
2701 9391415 7570
2702 9398985 2105
2703 9401090 3724
2704 9404814 4332
2705 9409146 1105
2706 9410251 2233
2707 9412484 1046
2708 9413530 1102
2709 9414632 6706
2710 9421338 2177
2711 9423515 1948
2712 9425463 6706
2713 9432169 6223
2714 9438392 3644
2715 9442036 647
2716 9442683 1853
2717 9444536 3097
2718 9447633 1274
2719 9448907 2317
2720 9451224 1129
2721 9452353 3496
2722 9455849 4128
2723 9459977 4344
2724 9464321 6304
2725 9470625 3771
2726 9474396 728
2727 9475124 4293
2728 9479417 4097
2729 9483514 553
2730 9484067 1015
2731 9485082 1600
2732 9486682 3671
2733 9490353 3605
2734 9493958 4820
2735 9498778 2714
2736 9501492 2095
2737 9503587 3147
2738 9506734 818
2739 9507552 7198
2740 9514750 963
2741 9515713 3164
2742 9518877 2401
2743 9521278 2690
2744 9523968 3422
2745 9527390 2566
2746 9529956 4087
2747 9534043 2058
2748 9536101 1878
2749 9537979 4452
2750 9542431 1439
2751 9543870 4441
2752 9548311 3898
2753 9552209 5697
2754 9557906 6681
2755 9564587 4547
2756 9569134 1817
2757 9570951 1286
2758 9572237 2865
2759 9575102 6460
2760 9581562 2555
2761 9584117 3464
2762 9587581 2729
2763 9590310 2293
2764 9592603 10516
2765 9603119 780
2766 9603899 9132
2767 9613031 2221
2768 9615252 2537
2769 9617789 2407
2770 9620196 2386
2771 9622582 1363
2772 9623945 1152
2773 9625097 2962
2774 9628059 10188
2775 9638247 1293
2776 9639540 3985
2777 9643525 1141
2778 9644666 473
2779 9645139 10812
2780 9655951 3380
2781 9659331 3359
2782 9662690 3599
2783 9666289 9709
2784 9675998 2201
2785 9678199 797
2786 9678996 1071
2787 9680067 1849
2788 9681916 3472
2789 9685388 6362
2790 9691750 5627
2791 9697377 5377
2792 9702754 1708
2793 9704462 6819
2794 9711281 2801
2795 9714082 1513
2796 9715595 2083
2797 9717678 2597
2798 9720275 2594
2799 9722869 5328
2800 9728197 1322
2801 9729519 14614
2802 9744133 1114
2803 9745247 1335
2804 9746582 2520
2805 9749102 3107
2806 9752209 6892
2807 9759101 6224
2808 9765325 9222
2809 9774547 11715
2810 9786262 2091
2811 9788353 6520
2812 9794873 5835
2813 9800708 10048
2814 9810756 7726
2815 9818482 207
2816 9818689 243
2817 9818932 268
2818 9819200 195
2819 9819395 229
2820 9819624 207
2821 9819831 252
2822 9820083 5996
2823 9826079 1241
2824 9827320 4953
2825 9832273 10000
2826 9842273 5522
2827 9847795 3055
2828 9850850 2008
2829 9852858 1972
2830 9854830 2335
2831 9857165 1838
2832 9859003 1432
2833 9860435 1512
2834 9861947 1577
2835 9863524 3473
2836 9866997 2563
2837 9869560 15291
2838 9884851 3319
2839 9888170 3692
2840 9891862 3442
2841 9895304 6168
2842 9901472 2568
2843 9904040 3702
2844 9907742 2773
2845 9910515 9379
2846 9919894 1396
2847 9921290 193
2848 9921483 1944
2849 9923427 4989
2850 9928416 1414
2851 9929830 1710
2852 9931540 1848
2853 9933388 8181
2854 9941569 7532
2855 9949101 3503
2856 9952604 9763
2857 9962367 1657
2858 9964024 964
2859 9964988 1667
2860 9966655 4145
2861 9970800 3774
2862 9974574 1037
2863 9975611 15105
2864 9990716 4145
2865 9994861 6522
2866 10001383 3499
2867 10004882 3510
2868 10008392 4805
2869 10013197 774
2870 10013971 511
2871 10014482 7803
2872 10022285 2871
2873 10025156 3641
2874 10028797 2747
2875 10031544 1225
2876 10032769 1005
2877 10033774 2157
2878 10035931 252
2879 10036183 262
2880 10036445 11875
2881 10048320 5369
2882 10053689 5912
2883 10059601 1778
2884 10061379 1062
2885 10062441 22683
2886 10085124 1519
2887 10086643 6633
2888 10093276 6426
2889 10099702 9590
2890 10109292 1642
2891 10110934 3788
2892 10114722 2112
2893 10116834 677
2894 10117511 668
2895 10118179 691
2896 10118870 672
2897 10119542 711
2898 10120253 689
2899 10120942 700
2900 10121642 646
2901 10122288 641
2902 10122929 664
2903 10123593 727
2904 10124320 695
2905 10125015 673
2906 10125688 641
2907 10126329 684
2908 10127013 637
2909 10127650 669
2910 10128319 654
2911 10128973 642
2912 10129615 662
2913 10130277 655
2914 10130932 665
2915 10131597 659
2916 10132256 677
2917 10132933 711
2918 10133644 661
2919 10134305 694
2920 10134999 674
2921 10135673 670
2922 10136343 689
2923 10137032 671
2924 10137703 677
2925 10138380 664
2926 10139044 697
2927 10139741 706
2928 10140447 683
2929 10141130 707
2930 10141837 668
2931 10142505 684
2932 10143189 716
2933 10143905 696
2934 10144601 672
2935 10145273 647
2936 10145920 680
2937 10146600 660
2938 10147260 670
2939 10147930 647
2940 10148577 674
2941 10149251 662
2942 10149913 660
2943 10150573 662
2944 10151235 656
2945 10151891 668
2946 10152559 710
2947 10153269 666
2948 10153935 696
2949 10154631 676
2950 10155307 641
2951 10155948 679
2952 10156627 672
2953 10157299 692
2954 10157991 674
2955 10158665 711
2956 10159376 646
2957 10160022 665
2958 10160687 697
2959 10161384 672
2960 10162056 679
2961 10162735 671
2962 10163406 674
2963 10164080 692
2964 10164772 711
2965 10165483 665
2966 10166148 695
2967 10166843 660
2968 10167503 723
2969 10168226 677
2970 10168903 652
2971 10169555 681
2972 10170236 664
2973 10170900 675
2974 10171575 663
2975 10172238 650
2976 10172888 663
2977 10173551 658
2978 10174209 675
2979 10174884 659
2980 10175543 713
2981 10176256 686
2982 10176942 667
2983 10177609 696
2984 10178305 664
2985 10178969 667
2986 10179636 672
2987 10180308 672
2988 10180980 670
2989 10181650 692
2990 10182342 673
2991 10183015 710
2992 10183725 666
2993 10184391 697
2994 10185088 705
2995 10185793 672
2996 10186465 648
2997 10187113 674
2998 10187787 672
2999 10188459 691
3000 10189150 679
3001 10189829 711
3002 10190540 666
3003 10191206 670
3004 10191876 664
3005 10192540 721
3006 10193261 696
3007 10193957 663
3008 10194620 675
3009 10195295 675
3010 10195970 650
3011 10196620 667
3012 10197287 662
3013 10197949 666
3014 10198615 654
3015 10199269 669
3016 10199938 663
3017 10200601 667
3018 10201268 665
3019 10201933 682
3020 10202615 711
3021 10203326 636
3022 10203962 694
3023 10204656 666
3024 10205322 696
3025 10206018 672
3026 10206690 707
3027 10207397 693
3028 10208090 676
3029 10208766 671
3030 10209437 708
3031 10210145 666
3032 10210811 722
3033 10211533 646
3034 10212179 655
3035 10212834 694
3036 10213528 675
3037 10214203 674
3038 10214877 682
3039 10215559 711
3040 10216270 673
3041 10216943 691
3042 10217634 703
3043 10218337 670
3044 10219007 680
3045 10219687 667
3046 10220354 718
3047 10221072 722
3048 10221794 670
3049 10222464 696
3050 10223160 667
3051 10223827 656
3052 10224483 660
3053 10225143 661
3054 10225804 693
3055 10226497 673
3056 10227170 650
3057 10227820 652
3058 10228472 652
3059 10229124 664
3060 10229788 663
3061 10230451 692
3062 10231143 682
3063 10231825 703
3064 10232528 665
3065 10233193 706
3066 10233899 695
3067 10234594 669
3068 10235263 694
3069 10235957 686
3070 10236643 698
3071 10237341 681
3072 10238022 706
3073 10238728 662
3074 10239390 208
3075 10239598 191
3076 10239789 695
3077 10240484 678
3078 10241162 706
3079 10241868 667
3080 10242535 672
3081 10243207 695
3082 10243902 659
3083 10244561 665
3084 10245226 660
3085 10245886 659
3086 10246545 701
3087 10247246 658
3088 10247904 672
3089 10248576 658
3090 10249234 641
3091 10249875 660
3092 10250535 664
3093 10251199 649
3094 10251848 662
3095 10252510 659
3096 10253169 677
3097 10253846 657
3098 10254503 702
3099 10255205 707
3100 10255912 722
3101 10256634 696
3102 10257330 662
3103 10257992 693
3104 10258685 656
3105 10259341 695
3106 10260036 652
3107 10260688 668
3108 10261356 680
3109 10262036 665
3110 10262701 678
3111 10263379 702
3112 10264081 662
3113 10264743 655
3114 10265398 695
3115 10266093 665
3116 10266758 680
3117 10267438 702
3118 10268140 683
3119 10268823 668
3120 10269491 678
3121 10270169 716
3122 10270885 711
3123 10271596 722
3124 10272318 664
3125 10272982 736
3126 10273718 693
3127 10274411 662
3128 10275073 667
3129 10275740 656
3130 10276396 687
3131 10277083 646
3132 10277729 652
3133 10278381 675
3134 10279056 655
3135 10279711 673
3136 10280384 660
3137 10281044 687
3138 10281731 651
3139 10282382 701
3140 10283083 685
3141 10283768 664
3142 10284432 694
3143 10285126 660
3144 10285786 666
3145 10286452 701
3146 10287153 688
3147 10287841 666
3148 10288507 667
3149 10289174 679
3150 10289853 663
3151 10290516 694
3152 10291210 698
3153 10291908 660
3154 10292568 652
3155 10293220 704
3156 10293924 671
3157 10294595 664
3158 10295259 689
3159 10295948 679
3160 10296627 657
3161 10297284 695
3162 10297979 734
3163 10298713 694
3164 10299407 666
3165 10300073 713
3166 10300786 712
3167 10301498 721
3168 10302219 698
3169 10302917 693
3170 10303610 694
3171 10304304 711
3172 10305015 696
3173 10305711 681
3174 10306392 704
3175 10307096 646
3176 10307742 657
3177 10308399 694
3178 10309093 667
3179 10309760 704
3180 10310464 667
3181 10311131 668
3182 10311799 676
3183 10312475 696
3184 10313171 641
3185 10313812 671
3186 10314483 694
3187 10315177 707
3188 10315884 743
3189 10316627 733
3190 10317360 694
3191 10318054 678
3192 10318732 645
3193 10319377 654
3194 10320031 658
3195 10320689 665
3196 10321354 639
3197 10321993 685
3198 10322678 633
3199 10323311 643
3200 10323954 667
3201 10324621 646
3202 10325267 682
3203 10325949 706
3204 10326655 657
3205 10327312 694
3206 10328006 218
3207 10328224 680
3208 10328904 704
3209 10329608 670
3210 10330278 671
3211 10330949 681
3212 10331630 657
3213 10332287 696
3214 10332983 705
3215 10333688 692
3216 10334380 694
3217 10335074 724
3218 10335798 690
3219 10336488 646
3220 10337134 671
3221 10337805 660
3222 10338465 658
3223 10339123 655
3224 10339778 633
3225 10340411 656
3226 10341067 650
3227 10341717 656
3228 10342373 659
3229 10343032 654
3230 10343686 703
3231 10344389 692
3232 10345081 675
3233 10345756 661
3234 10346417 725
3235 10347142 696
3236 10347838 667
3237 10348505 661
3238 10349166 655
3239 10349821 667
3240 10350488 664
3241 10351152 687
3242 10351839 702
3243 10352541 680
3244 10353221 672
3245 10353893 667
3246 10354560 695
3247 10355255 669
3248 10355924 662
3249 10356586 649
3250 10357235 642
3251 10357877 675
3252 10358552 654
3253 10359206 703
3254 10359909 686
3255 10360595 666
3256 10361261 702
3257 10361963 668
3258 10362631 704
3259 10363335 671
3260 10364006 672
3261 10364678 699
3262 10365377 666
3263 10366043 694
3264 10366737 667
3265 10367404 681
3266 10368085 693
3267 10368778 648
3268 10369426 653
3269 10370079 645
3270 10370724 705
3271 10371429 674
3272 10372103 674
3273 10372777 684
3274 10373461 666
3275 10374127 695
3276 10374822 672
3277 10375494 655
3278 10376149 661
3279 10376810 656
3280 10377466 662
3281 10378128 671
3282 10378799 649
3283 10379448 660
3284 10380108 686
3285 10380794 659
3286 10381453 695
3287 10382148 666
3288 10382814 645
3289 10383459 705
3290 10384164 668
3291 10384832 699
3292 10385531 666
3293 10386197 681
3294 10386878 659
3295 10387537 639
3296 10388176 695
3297 10388871 666
3298 10389537 705
3299 10390242 695
3300 10390937 667
3301 10391604 698
3302 10392302 667
3303 10392969 659
3304 10393628 695
3305 10394323 647
3306 10394970 655
3307 10395625 674
3308 10396299 677
3309 10396976 650
3310 10397626 699
3311 10398325 649
3312 10398974 705
3313 10399679 681
3314 10400360 677
3315 10401037 652
3316 10401689 657
3317 10402346 659
3318 10403005 641
3319 10403646 650
3320 10404296 694
3321 10404990 666
3322 10405656 704
3323 10406360 633
3324 10406993 676
3325 10407669 662
3326 10408331 484
3327 10408815 3175
3328 10411990 2123
3329 10414113 10206
3330 10424319 1139
3331 10425458 1355
3332 10426813 5194
3333 10432007 2545
3334 10434552 6667
3335 10441219 7838
3336 10449057 1430
3337 10450487 1784
3338 10452271 2258
3339 10454529 3426
3340 10457955 1970
3341 10459925 2114
3342 10462039 6061
3343 10468100 2088
3344 10470188 1469
3345 10471657 1119
3346 10472776 3190
3347 10475966 6327
3348 10482293 1996
3349 10484289 2404
3350 10486693 2621
3351 10489314 2625
3352 10491939 3615
3353 10495554 1425
3354 10496979 8508
3355 10505487 3922
3356 10509409 1492
3357 10510901 10458
3358 10521359 4112
3359 10525471 7215
3360 10532686 10048
3361 10542734 3372
3362 10546106 6508
3363 10552614 4385
3364 10556999 4674
3365 10561673 3006
3366 10564679 1333
3367 10566012 1969
3368 10567981 1682
3369 10569663 1728
3370 10571391 3366
3371 10574757 2077
3372 10576834 2142
3373 10578976 996
3374 10579972 1906
3375 10581878 3970
3376 10585848 2211
3377 10588059 5411
3378 10593470 1757
3379 10595227 1909
3380 10597136 2557
3381 10599693 2392
3382 10602085 2199
3383 10604284 1806
3384 10606090 6031
3385 10612121 1641
3386 10613762 5385
3387 10619147 14518
3388 10633665 1618
3389 10635283 1530
3390 10636813 6091
3391 10642904 3091
3392 10645995 1967
3393 10647962 5416
3394 10653378 15405
3395 10668783 7252
3396 10676035 3368
3397 10679403 3247
3398 10682650 2553
3399 10685203 2973
3400 10688176 1355
3401 10689531 2310
3402 10691841 5286
3403 10697127 1624
3404 10698751 1309
3405 10700060 1717
3406 10701777 2077
3407 10703854 2616
3408 10706470 2041
3409 10708511 1508
3410 10710019 1502
3411 10711521 1407
3412 10712928 2503
3413 10715431 3772
3414 10719203 2440
3415 10721643 2065
3416 10723708 2535
3417 10726243 3461
3418 10729704 2487
3419 10732191 2542
3420 10734733 8422
3421 10743155 4395
3422 10747550 4499
3423 10752049 4168
3424 10756217 1558
3425 10757775 4510
3426 10762285 1388
3427 10763673 1206
3428 10764879 7452
3429 10772331 18051
3430 10790382 5701
3431 10796083 3586
3432 10799669 16398
3433 10816067 1178
3434 10817245 1378
3435 10818623 5197
3436 10823820 1954
3437 10825774 7587
3438 10833361 8531
3439 10841892 5003
3440 10846895 6770
3441 10853665 15117
3442 10868782 5107
3443 10873889 1395
3444 10875284 1596
3445 10876880 2178
3446 10879058 1372
3447 10880430 843
3448 10881273 6397
3449 10887670 2158
3450 10889828 8323
3451 10898151 1902
3452 10900053 5495
3453 10905548 9142
3454 10914690 4718
3455 10919408 9551
3456 10928959 3798
3457 10932757 1099
3458 10933856 1451
3459 10935307 1384
3460 10936691 9105
3461 10945796 322
3462 10946118 1754
3463 10947872 794
3464 10948666 1481
3465 10950147 8059
3466 10958206 5026
3467 10963232 8966
3468 10972198 5390
3469 10977588 3136
3470 10980724 8117
3471 10988841 14197
3472 11003038 3902
3473 11006940 11618
3474 11018558 955
3475 11019513 8029
3476 11027542 6291
3477 11033833 807
3478 11034640 5707
3479 11040347 15725
3480 11056072 941
3481 11057013 6090
3482 11063103 702
3483 11063805 5286
3484 11069091 8087
3485 11077178 1466
3486 11078644 4388
3487 11083032 726
3488 11083758 8938
3489 11092696 1385
3490 11094081 1606
3491 11095687 3094
3492 11098781 1195
3493 11099976 600
3494 11100576 1586
3495 11102162 1657
3496 11103819 1583
3497 11105402 8837
3498 11114239 7800
3499 11122039 4452
3500 11126491 2943
3501 11129434 626
3502 11130060 7708
3503 11137768 4066
3504 11141834 12573
3505 11154407 4947
3506 11159354 2546
3507 11161900 3922
3508 11165822 16226
3509 11182048 6332
3510 11188380 2643
3511 11191023 322
3512 11191345 2372
3513 11193717 3879
3514 11197596 2841
3515 11200437 13584
3516 11214021 7955
3517 11221976 1932
3518 11223908 2803
3519 11226711 1954
3520 11228665 1872
3521 11230537 3494
3522 11234031 2239
3523 11236270 3081
3524 11239351 2014
3525 11241365 1852
3526 11243217 2214
3527 11245431 2960
3528 11248391 2880
3529 11251271 1953
3530 11253224 2238
3531 11255462 2213
3532 11257675 1851
3533 11259526 2013
3534 11261539 2627
3535 11264166 3344
3536 11267510 2191
3537 11269701 1934
3538 11271635 1797
3539 11273432 2109
3540 11275541 4525
3541 11280066 3921
3542 11283987 3823
3543 11287810 3030
3544 11290840 2475
3545 11293315 2590
3546 11295905 2355
3547 11298260 2396
3548 11300656 4525
3549 11305181 337
3550 11305518 5888
3551 11311406 3921
3552 11315327 3823
3553 11319150 9977
3554 11329127 2831
3555 11331958 983
3556 11332941 4447
3557 11337388 7195
3558 11344583 322
3559 11344905 3222
3560 11348127 2695
3561 11350822 2621
3562 11353443 3592
3563 11357035 4377
3564 11361412 2634
3565 11364046 5015
3566 11369061 2773
3567 11371834 8251
3568 11380085 2776
3569 11382861 6311
3570 11389172 2470
3571 11391642 1243
3572 11392885 17864
3573 11410749 9897
3574 11420646 2984
3575 11423630 3267
3576 11426897 5911
3577 11432808 3506
3578 11436314 1965
3579 11438279 3103
3580 11441382 4518
3581 11445900 4399
3582 11450299 3015
3583 11453314 24599
3584 11477913 11356
3585 11489269 16348
3586 11505617 30751
3587 11536368 3809
3588 11540177 773
3589 11540950 3241
3590 11544191 778
3591 11544969 6228
3592 11551197 6370
3593 11557567 5748
3594 11563315 10759
3595 11574074 3804
3596 11577878 1595
3597 11579473 9595
3598 11589068 6396
3599 11595464 3059
3600 11598523 6109
3601 11604632 6090
3602 11610722 1704
3603 11612426 6483
3604 11618909 3286
3605 11622195 6721
3606 11628916 9045
3607 11637961 1436
3608 11639397 2921
3609 11642318 1786
3610 11644104 3362
3611 11647466 6024
3612 11653490 6804
3613 11660294 6314
3614 11666608 6436
3615 11673044 9711
3616 11682755 9752
3617 11692507 1192
3618 11693699 725
3619 11694424 1158
3620 11695582 3808
3621 11699390 680
3622 11700070 5538
3623 11705608 1403
3624 11707011 2792
3625 11709803 2329
3626 11712132 5539
3627 11717671 12229
3628 11729900 2608
3629 11732508 26097
3630 11758605 3722
3631 11762327 4047
3632 11766374 12442
3633 11778816 4413
3634 11783229 3903
3635 11787132 14663
3636 11801795 12285
3637 11814080 3687
3638 11817767 1648
3639 11819415 9114
3640 11828529 1815
3641 11830344 724
3642 11831068 3243
3643 11834311 2868
3644 11837179 5831
3645 11843010 9630
3646 11852640 4055
3647 11856695 1146
3648 11857841 1797
3649 11859638 5512
3650 11865150 4609
3651 11869759 4555
3652 11874314 4406
3653 11878720 1870
3654 11880590 4382
3655 11884972 3687
3656 11888659 6176
3657 11894835 4203
3658 11899038 1117
3659 11900155 746
3660 11900901 8856
3661 11909757 3966
3662 11913723 7019
3663 11920742 1524
3664 11922266 2490
3665 11924756 1099
3666 11925855 1037
3667 11926892 5339
3668 11932231 11011
3669 11943242 759
3670 11944001 678
3671 11944679 10102
3672 11954781 1321
3673 11956102 3122
3674 11959224 864
3675 11960088 695
3676 11960783 639
3677 11961422 1000
3678 11962422 738
3679 11963160 12311
3680 11975471 4339
3681 11979810 11204
3682 11991014 3623
3683 11994637 1491
3684 11996128 3276
3685 11999404 1215
3686 12000619 1791
3687 12002410 4568
3688 12006978 1094
3689 12008072 4235
3690 12012307 1838
3691 12014145 2160
3692 12016305 224
3693 12016529 4970
3694 12021499 2644
3695 12024143 2614
3696 12026757 374
3697 12027131 1540
3698 12028671 1513
3699 12030184 2202
3700 12032386 1506
3701 12033892 1094
3702 12034986 2680
3703 12037666 1028
3704 12038694 342
3705 12039036 4590
3706 12043626 1297
3707 12044923 906
3708 12045829 3931
3709 12049760 1353
3710 12051113 3141
3711 12054254 2636
3712 12056890 1302
3713 12058192 1251
3714 12059443 2511
3715 12061954 1210
3716 12063164 8162
3717 12071326 603
3718 12071929 1348
3719 12073277 7428
3720 12080705 3881
3721 12084586 3728
3722 12088314 3480
3723 12091794 7022
3724 12098816 4935
3725 12103751 1673
3726 12105424 1607
3727 12107031 2050
3728 12109081 1355
3729 12110436 519
3730 12110955 1368
3731 12112323 2310
3732 12114633 4505
3733 12119138 1551
3734 12120689 2066
3735 12122755 829
3736 12123584 931
3737 12124515 1072
3738 12125587 1837
3739 12127424 728
3740 12128152 11584
3741 12139736 1795
3742 12141531 2977
3743 12144508 3758
3744 12148266 962
3745 12149228 1241
3746 12150469 4775
3747 12155244 323
3748 12155567 7068
3749 12162635 1055
3750 12163690 1794
3751 12165484 2579
3752 12168063 1497
3753 12169560 1258
3754 12170818 6692
3755 12177510 3552
3756 12181062 1019
3757 12182081 3547
3758 12185628 1665
3759 12187293 3008
3760 12190301 521
3761 12190822 788
3762 12191610 4849
3763 12196459 1246
3764 12197705 6459
3765 12204164 2704
3766 12206868 456
3767 12207324 4255
3768 12211579 533
3769 12212112 1499
3770 12213611 2138
3771 12215749 2808
3772 12218557 3188
3773 12221745 1388
3774 12223133 1546
3775 12224679 1148
3776 12225827 1463
3777 12227290 2362
3778 12229652 603
3779 12230255 4335
3780 12234590 5479
3781 12240069 3035
3782 12243104 2767
3783 12245871 3760
3784 12249631 2142
3785 12251773 4026
3786 12255799 13157
3787 12268956 2533
3788 12271489 1937
3789 12273426 3641
3790 12277067 3884
3791 12280951 3894
3792 12284845 1915
3793 12286760 5457
3794 12292217 6895
3795 12299112 2527
3796 12301639 6995
3797 12308634 1522
3798 12310156 2692
3799 12312848 833
3800 12313681 5380
3801 12319061 288
3802 12319349 857
3803 12320206 3596
3804 12323802 5945
3805 12329747 1257
3806 12331004 1404
3807 12332408 3706
3808 12336114 4602
3809 12340716 2406
3810 12343122 2222
3811 12345344 3796
3812 12349140 4080
3813 12353220 948
3814 12354168 2957
3815 12357125 1159
3816 12358284 1803
3817 12360087 2022
3818 12362109 3146
3819 12365255 7163
3820 12372418 8632
3821 12381050 3986
3822 12385036 4017
3823 12389053 4647
3824 12393700 3923
3825 12397623 4650
3826 12402273 1177
3827 12403450 2728
3828 12406178 1736
3829 12407914 4060
3830 12411974 3896
3831 12415870 2910
3832 12418780 1310
3833 12420090 3186
3834 12423276 7711
3835 12430987 19094
3836 12450081 2217
3837 12452298 3805
3838 12456103 1667
3839 12457770 4273
3840 12462043 5141
3841 12467184 8874
3842 12476058 3164
3843 12479222 13397
3844 12492619 3765
3845 12496384 205
3846 12496589 6395
3847 12502984 8731
3848 12511715 5788
3849 12517503 2187
3850 12519690 4995
3851 12524685 1234
3852 12525919 3884
3853 12529803 6385
3854 12536188 1685
3855 12537873 3460
3856 12541333 2826
3857 12544159 5416
3858 12549575 1827
3859 12551402 6775
3860 12558177 3694
3861 12561871 10455
3862 12572326 7001
3863 12579327 4583
3864 12583910 3545
3865 12587455 6473
3866 12593928 9659
3867 12603587 1613
3868 12605200 2798
3869 12607998 2421
3870 12610419 4580
3871 12614999 8734
3872 12623733 1606
3873 12625339 4836
